running ../db/geom/pm6-d3h4x/tetrachloroethaneB.xyz
Optimized energy: -47.41836687 Hartree

The Hessian: 
 1.140370785161279432  0.105376476760907417  0.106903804814423770 -0.205953079103721931 -0.155697407498195939  0.044365412259904986 -0.191411685600416881  0.064484489215083179 -0.221361429144557531 -0.590927225174505688 -0.034157687595734808  0.017674527718286447 -0.112021291477379575  0.061973466876804238  0.063371854223546339 -0.007803407118723579 -0.047505169770463242 -0.018845177647692182 -0.036989192033035953 -0.071293018002999781  0.042141203492741988 -0.012751636380175417  0.066426322958607703 -0.034402318255029631 
 0.105376476760907417  1.348370699432984932 -0.147368439708752547 -0.130410928344304705 -0.585858084076496421  0.150259120811405078  0.062428490931603908 -0.151073135068229003  0.151834243494592680 -0.055259756432661532 -0.097454353600217702  0.001399723430781926  0.081091978424526728 -0.287319203771353227 -0.209761866265819108 -0.051079110896414252 -0.117012268718301810 -0.059519429201560517 -0.048010081190421258 -0.029730683556666880  0.036682398294833329  0.036044373747561531 -0.109132529846609178  0.068138077137954972 
 0.106903804814423770 -0.147368439708752547  1.233862660883854989  0.058104134976711644  0.140809746190574181 -0.211263003981396080 -0.222635018992508260  0.158962008408870870 -0.562763219392074188 -0.004843447961837794  0.003042138199066613 -0.097025063554212976  0.076376301506764513 -0.211352194840608187 -0.327233504728336344 -0.037148657609772207 -0.078159980562865369 -0.021019948200685319  0.037555157756445703  0.056807661217659011 -0.013110169714714605 -0.024796169601345158  0.077363849823750469 -0.030425553670031774 
-0.205953079103721931 -0.130410928344304705  0.058104134976711644  1.238076048997185596  0.054959249667931330 -0.173289491173450688  0.019391162872384890  0.011795976632217851 -0.004306364805642181 -0.119230324182077935 -0.092981598329391707  0.033349385976666986  0.011603465588262127  0.012497597105107460 -0.001009388469413956 -0.110467142303487476 -0.051434574521157787 -0.054176804197995185 -0.493541765520809250  0.008051608076371963  0.300503898819431459 -0.371280099555198695  0.179711872983141951 -0.158365996266322140 
-0.155697407498195939 -0.585858084076496421  0.140809746190574181  0.054959249667931330  1.366821732814560209 -0.082698384717179774 -0.001994568724206878 -0.066800285448670338  0.062769056113392119 -0.062129636885670581 -0.038130015775327541  0.022055902637614880  0.006688004048308105 -0.147629046925956742 -0.049324161522866228 -0.061318098356648872 -0.220439266858168198 -0.212340726763114246  0.014396111299368889 -0.105130903035551532 -0.010290867602402252  0.202605301215242395 -0.233040260350177886  0.119846710832227782 
 0.044365412259904986  0.150259120811405078 -0.211263003981396080 -0.173289491173450688 -0.082698384717179774  1.100613499720470179  0.021335894412941359  0.085979454775175837 -0.032914904482720525  0.026537502840553947  0.021332087945439358  0.002912832678265267  0.003132346123626684 -0.072511795908223764 -0.009833351675842405 -0.071180783840870995 -0.197051774327006352 -0.390005586609499688  0.297337469361297180 -0.005851290651682675 -0.306337493327534571 -0.144119675096077815  0.100342239484783505 -0.181396572094764258 
-0.191411685600416881  0.062428490931603908 -0.222635018992508260  0.019391162872384890 -0.001994568724206878  0.021335894412941359  0.287958267959561920 -0.074843041438650698  0.247107770390129655 -0.127814567846512323  0.015130293934161161 -0.060702904976840721  0.013749223688431889  0.008443746324128251  0.021250395605677482  0.001041208583581436 -0.003978398943877494 -0.004636831815195758 -0.000541694793577418 -0.000985332913835522 -0.000386224049069370  0.000675750540416291 -0.003014316355967351 -0.002814096384325028 
 0.064484489215083179 -0.151073135068229003  0.158962008408870870  0.011795976632217851 -0.066800285448670338  0.085979454775175837 -0.074843041438650698  0.251655622681880131 -0.174234320030320966  0.003341522431448214  0.014957856938536365  0.001354932987013494  0.001049432348054042 -0.012667282302957730 -0.073500505783747561 -0.003414299404271786 -0.024501770982091706 -0.000505079306719530 -0.001414865127897128 -0.003213468915432272  0.001948060835553062 -0.000755834564829400 -0.005678585072550306  0.002602981533290642 
-0.221361429144557531  0.151834243494592680 -0.562763219392074188 -0.004306364805642181  0.062769056113392119 -0.032914904482720525  0.247107770390129655 -0.174234320030320966  0.709832648595367655 -0.024122152387007573  0.003776660854791421  0.002754305303323836  0.000244181005619821 -0.043333580620769099 -0.110075331459123710 -0.000977418612026757 -0.001082743761906231 -0.001997625243304998  0.001960947314460667  0.001592627292530556 -0.002340353887493130  0.001196874007572628 -0.000259605794204600  0.000032848491683797 
-0.590927225174505688 -0.055259756432661532 -0.004843447961837794 -0.119230324182077935 -0.062129636885670581  0.026537502840553947 -0.127814567846512323  0.003341522431448214 -0.024122152387007573  0.980526395836825326  0.067405538490889955 -0.093366044462733222 -0.133891017162918347  0.070880519880042014  0.090163266048249091 -0.003229817807316617 -0.005507858347592052 -0.000855685094069160  0.000664338957131346 -0.003462910653651102 -0.000614491860905993 -0.000369201022899504 -0.011450940619507449  0.006345666656785644 
-0.034157687595734808 -0.097454353600217702  0.003042138199066613 -0.092981598329391707 -0.038130015775327541  0.021332087945439358  0.015130293934161161  0.014957856938536365  0.003776660854791421  0.067405538490889955  0.192159413066758572 -0.004321546767168503  0.067677220837256025 -0.016974716512813758 -0.038139076867832203 -0.004513070033862704 -0.003277918230257186 -0.000688112373890681 -0.000463694714581984 -0.005499567791347708  0.000742324609072119 -0.017043634434852968 -0.031500802744507367  0.018364426967778590 
 0.017674527718286447  0.001399723430781926 -0.097025063554212976  0.033349385976666986  0.022055902637614880  0.002912832678265267 -0.060702904976840721  0.001354932987013494  0.002754305303323836 -0.093366044462733222 -0.004321546767168503  0.154192759476328323  0.098949116821951261 -0.040311415821243313 -0.039128165114890874 -0.001048255753595006 -0.000758933927708933  0.000255216059595440  0.000679165147525774  0.002096810885016145 -0.000444882420589748  0.009797390405069262  0.018849613757290495 -0.008741168420880643 
-0.112021291477379575  0.081091978424526728  0.076376301506764513  0.011603465588262127  0.006688004048308105  0.003132346123626684  0.013749223688431889  0.001049432348054042  0.000244181005619821 -0.133891017162918347  0.067677220837256025  0.098949116821951261  0.233421052954286945 -0.144682958053405253 -0.176339843530309459  0.000742050602030925 -0.000780342150929130 -0.001498053881437914 -0.002718431881003619 -0.007537570883909673  0.000974899556727580  0.000320483941828743  0.001989011201049305  0.000154187557982101 
 0.061973466876804238 -0.287319203771353227 -0.211352194840608187  0.012497597105107460 -0.147629046925956742 -0.072511795908223764  0.008443746324128251 -0.012667282302957730 -0.043333580620769099  0.070880519880042014 -0.016974716512813758 -0.040311415821243313 -0.144682958053405253  0.522465698053394156  0.375656272870905417 -0.005996144212457774 -0.014847053517346005 -0.005062328292268997 -0.006687725722623456 -0.022839397341414738 -0.002547226658266430  0.003083282441879093 -0.007825774381788905  0.001340235683000406 
 0.063371854223546339 -0.209761866265819108 -0.327233504728336344 -0.001009388469413956 -0.049324161522866228 -0.009833351675842405  0.021250395605677482 -0.073500505783747561 -0.110075331459123710  0.090163266048249091 -0.038139076867832203 -0.039128165114890874 -0.176339843530309459  0.375656272870905417  0.496809565572867595  0.003980317501976824 -0.004030783024547220  0.000784150393574320  0.001429710418717056 -0.002460999921442246 -0.000553593665443762  0.000310172674153697  0.000117784555185411  0.000696143130469855 
-0.007803407118723579 -0.051079110896414252 -0.037148657609772207 -0.110467142303487476 -0.061318098356648872 -0.071180783840870995  0.001041208583581436 -0.003414299404271786 -0.000977418612026757 -0.003229817807316617 -0.004513070033862704 -0.001048255753595006  0.000742050602030925 -0.005996144212457774  0.003980317501976824  0.191702406944889048  0.115361223581637418  0.187739249369518191  0.012378480607503762  0.016427387365734743  0.032010637205120360 -0.069872500737749310 -0.002554933074962960 -0.114948823890048818 
-0.047505169770463242 -0.117012268718301810 -0.078159980562865369 -0.051434574521157787 -0.220439266858168198 -0.197051774327006352 -0.003978398943877494 -0.024501770982091706 -0.001082743761906231 -0.005507858347592052 -0.003277918230257186 -0.000758933927708933 -0.000780342150929130 -0.014847053517346005 -0.004030783024547220  0.115361223581637418  0.390806432381318847  0.340253770053263460 -0.001363090975805052 -0.013575181025440343 -0.053356073913067598 -0.004408302956763140  0.015964274762917022 -0.002767137715146997 
-0.018845177647692182 -0.059519429201560517 -0.021019948200685319 -0.054176804197995185 -0.212340726763114246 -0.390005586609499688 -0.004636831815195758 -0.000505079306719530 -0.001997625243304998 -0.000855685094069160 -0.000688112373890681  0.000255216059595440 -0.001498053881437914 -0.005062328292268997  0.000784150393574320  0.187739249369518191  0.340253770053263460  0.666232152254001453  0.005010997869940914 -0.064650359671300228 -0.107566917136078660 -0.110635748603049477  0.000886970245392168 -0.135948296565551963 
-0.036989192033035953 -0.048010081190421258  0.037555157756445703 -0.493541765520809250  0.014396111299368889  0.297337469361297180 -0.000541694793577418 -0.001414865127897128  0.001960947314460667  0.000664338957131346 -0.000463694714581984  0.000679165147525774 -0.002718431881003619 -0.006687725722623456  0.001429710418717056  0.012378480607503762 -0.001363090975805052  0.005010997869940914  0.633838828625105655 -0.006421212089601724 -0.337332063741200561 -0.110519900470112120  0.050061622338442399 -0.004447198452989716 
-0.071293018002999781 -0.029730683556666880  0.056807661217659011  0.008051608076371963 -0.105130903035551532 -0.005851290651682675 -0.000985332913835522 -0.003213468915432272  0.001592627292530556 -0.003462910653651102 -0.005499567791347708  0.002096810885016145 -0.007537570883909673 -0.022839397341414738 -0.002460999921442246  0.016427387365734743 -0.013575181025440343 -0.064650359671300228 -0.006421212089601724  0.194860283529247558  0.011242686864789957  0.065804329601783507 -0.012136806947720192  0.002829602675078035 
 0.042141203492741988  0.036682398294833329 -0.013110169714714605  0.300503898819431459 -0.010290867602402252 -0.306337493327534571 -0.000386224049069370  0.001948060835553062 -0.002340353887493130 -0.000614491860905993  0.000742324609072119 -0.000444882420589748  0.000974899556727580 -0.002547226658266430 -0.000553593665443762  0.032010637205120360 -0.053356073913067598 -0.107566917136078660 -0.337332063741200561  0.011242686864789957  0.422101225634356703 -0.034207711401946610  0.016484720742154253  0.012233731335984519 
-0.012751636380175417  0.036044373747561531 -0.024796169601345158 -0.371280099555198695  0.202605301215242395 -0.144119675096077815  0.000675750540416291 -0.000755834564829400  0.001196874007572628 -0.000369201022899504 -0.017043634434852968  0.009797390405069262  0.000320483941828743  0.003083282441879093  0.000310172674153697 -0.069872500737749310 -0.004408302956763140 -0.110635748603049477 -0.110519900470112120  0.065804329601783507 -0.034207711401946610  0.575641843100967776 -0.280634336497178116  0.301420432118755022 
 0.066426322958607703 -0.109132529846609178  0.077363849823750469  0.179711872983141951 -0.233040260350177886  0.100342239484783505 -0.003014316355967351 -0.005678585072550306 -0.000259605794204600 -0.011450940619507449 -0.031500802744507367  0.018849613757290495  0.001989011201049305 -0.007825774381788905  0.000117784555185411 -0.002554933074962960  0.015964274762917022  0.000886970245392168  0.050061622338442399 -0.012136806947720192  0.016484720742154253 -0.280634336497178116  0.397592580231728165 -0.209524159886585792 
-0.034402318255029631  0.068138077137954972 -0.030425553670031774 -0.158365996266322140  0.119846710832227782 -0.181396572094764258 -0.002814096384325028  0.002602981533290642  0.000032848491683797  0.006345666656785644  0.018364426967778590 -0.008741168420880643  0.000154187557982101  0.001340235683000406  0.000696143130469855 -0.114948823890048818 -0.002767137715146997 -0.135948296565551963 -0.004447198452989716  0.002829602675078035  0.012233731335984519  0.301420432118755022 -0.209524159886585792  0.357266443767277564 
Vibrational Frequencies
0.00000000000000000
0.00000000000000000
0.00000000000000000
0.00000000000000000
0.00000000000000000
0.00000000000000000
102.61043887817312736
213.48891512909847279
220.10030083010667568
242.63612528873915153
331.98954446269988239
409.97604876194606049
520.20221576216192716
753.86531845861247803
800.62829418552121297
820.65329616483631980
842.81345165456957602
1122.34706350578699130
1144.05511942033126616
1163.86120473428559308
1238.09370141505814900
1239.46993799940969438
2618.02165936042456451
2619.06822194223195766
